hbar=1.05457e-34; % [J*s]
q=1.60217733e-19; % [C]
m0=9.1093897e-31; % [Kg]
kb=1.380658e-23; % [J*K]